Frame 1 at 427: 01010101 01010101 01110000 01100101 01100110 00100011 11011100 10111111 10011101 01000111 10000001 11111100
Frame 2 at 6436: 01010101 01010101 01110000 01100101 00010101 00001110 10010011 01100100 01100100 00111111 10000000 01101100
Frame 3 at 7915: 01010101 01010101 01110000 01100101 00010101 00001110 10010011 01100100 01100100 00111111 10000000 01101100
Frame 4 at 9418: 01010101 01010101 01110000 01100101 00010101 00001110 10010011 01100100 01100100 00111111 10000000 01101100
Frame 5 at 10921: 01010101 01010101 01110000 01100101 00010101 00001110 10010011 01100100 01100100 00111111 10000000 01101100
Frame 6 at 12424: 01010101 01010101 01110000 01100101 00010101 00001110 10010011 01100100 01100100 00111111 10000000 01101100
Frame 7 at 15429: 01010101 01010101 01001111 10101001 00000111 01100111 11001111 11111010 01111001 10100110 11111011 01100100
Frame 8 at 18434: 01010101 01010101 01110000 01100101 00010101 00001110 10010011 01100100 01100100 00111111 10000000 01101100
Frame 9 at 19912: 01010101 01010101 01110000 01100101 00010101 00001110 10010011 01100100 01100100 00111111 10000000 01101100
Frame 10 at 22917: 01010101 01010101 01110000 01100101 00010101 00001110 10010011 01100100 01100100 00111111 10000000 01101100
Frame 11 at 24420: 01010101 01010101 01110000 01100101 00010101 00001110 10010011 01100100 01100100 00111111 10000000 01101100
Frame 12 at 28928: 01010101 01010101 01110000 01100101 00010101 00001110 10010011 01100100 01100100 00111111 10000000 01101100
Frame 13 at 30431: 01010101 01010101 01110000 01100101 00001100 10011101 01010011 00111111 10011101 01000111 10000001 01111100
Frame 14 at 31933: 01010101 01010101 01110000 01100101 00010101 00001110 10010011 01100100 01100100 00111111 10000000 01101100
Frame 15 at 36416: 01010101 01010101 01110000 01100101 00010101 00001110 10010011 01100100 01100100 00111111 10000000 01101100
Frame 16 at 39421: 01010101 01010101 01110000 01100101 00010101 00001110 10010011 01100100 01100100 00111111 10000000 01101100
Frame 17 at 40924: 01010101 01010101 01110000 01100101 00010101 00001110 10010011 01100100 01100100 00111111 10000000 01101100
Frame 18 at 45431: 01010101 01010101 01001111 10101001 00000111 01100111 11000010 11111010 01010100 00000001 11001000 00001110
Frame 19 at 49914: 01010101 01010101 01110000 01100101 00001010 11110001 01101100 10011011 10000100 00111111 10000000 01101100
Frame 20 at 52919: 01010101 01010101 01110000 01100101 00010101 00001110 10010011 01100100 01100100 00111111 10000000 01101100
Frame 21 at 57426: 01010101 01010101 01110000 01100101 00010101 00001110 10010011 01100100 01100100 00111111 10000000 01101100
Frame 22 at 58930: 01010101 01010101 01110000 01100101 00010101 00001110 10010011 01100100 01100100 00111111 11111111 10010011
Frame 23 at 60433: 01010101 01010101 01110000 01100101 00101011 01010111 01001010 00111111 10011101 01000111 10000000 11111100
Frame 24 at 61936: 01010101 01010101 01110000 01100101 00010101 00001110 10010011 01100100 01100100 00111111 10000000 01101100
Frame 25 at 63414: 01010101 01010101 01110000 01100101 00010101 00001110 10010011 01100100 01100100 00111111 10000000 01101100
Frame 26 at 64917: 01010101 01010101 01110000 01100101 00010101 00001110 10010011 01100100 01100100 00111111 10000000 01101100
Frame 27 at 69424: 01010101 01010101 01110000 01100101 00010101 00001110 10010011 01100100 01100100 00111111 10000000 01101100
Frame 28 at 70927: 01010101 01010101 01110000 01100101 00010101 00001110 10010011 01100100 01100100 00111111 10000000 01101100
Frame 29 at 73932: 01010101 01010101 01110000 01100101 00010101 00001110 10010011 01100100 01100100 00111111 10000000 01101100
Frame 30 at 75435: 01010101 01010101 01001111 10101001 00000111 01100111 11111001 11111010 00111011 00101000 00110110 01100000
Frame 31 at 78415: 01010101 01010101 01110000 01100101 00010101 00001110 10010011 01100100 01100100 00111111 10000000 01101100
Frame 32 at 81420: 01010101 01010101 01110000 01100101 00010101 00001110 10010011 01100100 01100100 00111111 10000000 01101100
Frame 33 at 82923: 01010101 01010101 01110000 01100101 00010101 00001110 10010011 01100100 01100100 00111111 10000000 01101100
Frame 34 at 84426: 01010101 01010101 01110000 01100101 00010101 00001110 10010011 01100100 01100100 00111111 10000000 01101100
Frame 35 at 87431: 01010101 01010101 01110000 01100101 00010101 00001110 10010011 01100100 01100100 00111111 10000000 01101100
Frame 36 at 90412: 01010101 01010101 01110000 01100101 01000001 11101001 11000101 10111111 10011101 01000111 10000000 01111100
Frame 37 at 94919: 01010101 01010101 01110000 01100101 00010101 00001110 10010011 01100100 01100100 00111111 10000000 01101100
Frame 38 at 96422: 01010101 01010101 01110000 01100101 00010101 00001110 10010011 01100100 01100100 00111111 10000000 01101100
Frame 39 at 97925: 01010101 01010101 01110000 01100101 00010101 00001110 10010011 01100100 01100100 00111111 10000000 01101100
Frame 40 at 105411: 01010101 01010101 01001111 10101001 00000111 01100111 11111100 11111010 01111001 01010110 00111110 10100001
Frame 41 at 106914: 01010101 01010101 01110000 01100101 00010101 00001110 10010011 01100100 01100100 00111111 10000000 01101100
Frame 42 at 109919: 01010101 01010101 01110000 01100101 00010101 00001110 10010011 01100100 01100100 00111111 10000000 01101100
Frame 43 at 111422: 01010101 01010101 01110000 01100101 00010101 00001110 10010011 01100100 01100100 00111111 10000000 01101100
Frame 44 at 114427: 01010101 01010101 01110000 01100101 00010101 00001110 10010011 01100100 01100100 00111111 10000000 01101100
Frame 45 at 117432: 01010101 01010101 01110000 01100101 00010101 00001110 10010011 01100100 01100100 00111111 10000000 01101100
Frame 46 at 120413: 01010101 01010101 01110000 01100101 00011110 11100000 00110000 10111111 10011101 01000111 01111111 11111100
Frame 47 at 123418: 01010101 01010101 01110000 01100101 00010101 00001110 10010011 01100100 01100100 00111111 10000000 01101100
Frame 48 at 126423: 01010101 01010101 01110000 01100101 00010101 00001110 10010011 01100100 01100100 00111111 10000000 01101100
