01010101 01010101 01110000 01100101 01100110 00100011 11011100 10111111 10011101 01000111 10000001 11111100
01010101 01010101 01110000 01100101 00010101 00001110 10010011 01100100 01100100 00111111 10000000 01101100
01010101 01010101 01110000 01100101 00010101 00001110 10010011 01100100 01100100 00111111 10000000 01101100
01010101 01010101 01110000 01100101 00010101 00001110 10010011 01100100 01100100 00111111 10000000 01101100
01010101 01010101 01110000 01100101 00010101 00001110 10010011 01100100 01100100 00111111 10000000 01101100
01010101 01010101 01110000 01100101 00010101 00001110 10010011 01100100 01100100 00111111 10000000 01101100
01010101 01010101 01001111 10101001 00000111 01100111 11001111 11111010 01111001 10100110 11111011 01100100
01010101 01010101 01110000 01100101 00010101 00001110 10010011 01100100 01100100 00111111 10000000 01101100
01010101 01010101 01110000 01100101 00010101 00001110 10010011 01100100 01100100 00111111 10000000 01101100
01010101 01010101 01110000 01100101 00010101 00001110 10010011 01100100 01100100 00111111 10000000 01101100
01010101 01010101 01110000 01100101 00010101 00001110 10010011 01100100 01100100 00111111 10000000 01101100
01010101 01010101 01110000 01100101 00010101 00001110 10010011 01100100 01100100 00111111 10000000 01101100
01010101 01010101 01110000 01100101 00001100 10011101 01010011 00111111 10011101 01000111 10000001 01111100
01010101 01010101 01110000 01100101 00010101 00001110 10010011 01100100 01100100 00111111 10000000 01101100
01010101 01010101 01110000 01100101 00010101 00001110 10010011 01100100 01100100 00111111 10000000 01101100
01010101 01010101 01110111 10011010 11101010 11110001 01101100 10011011 10011011 11000000 01111111 10010011
01010101 01010101 01110000 01100101 00010101 00001110 10010011 01100100 01100100 00111111 10000000 01101100
01010101 01010101 01001111 10101001 00000111 01100111 11000010 11111010 01010100 00000001 11001000 00001110
01010101 01010101 01110000 01100101 00010101 00001110 10010011 01100100 01100100 00111111 10000000 01101100
01010101 01010101 01110000 01100101 00010101 00001110 10010011 01100100 01100100 00111111 10000000 01101100
01010101 01010101 01110111 10011010 11101010 11110001 01101100 10011011 10011011 11000000 01111111 10010011
01010101 01010101 01110000 01100101 00010101 00001110 10010011 01100100 01100100 00111111 11011111 10010011
01010101 01010101 01110000 01100101 00101011 01010111 01001010 00111111 10011101 01000111 10000000 11111100
01010101 01010101 01110000 01100101 00010101 00001110 10010011 01100100 01100100 00111111 10000000 01101100
01010101 01010101 01110000 01100101 00010101 00001110 10010011 01100100 01100100 00111111 10000000 01101100
01010101 01010101 01110000 01100101 00010101 00001110 10010011 01100100 01100100 00111111 10000000 01101100
01010101 01010101 01110000 01100101 00010101 00001110 10010011 01100100 01100100 00111111 10000000 01101100
01010101 01010101 01110000 01100101 00010101 00001110 10010011 01100100 01100100 00111111 10000000 01101100
01010101 01010101 01110000 01100101 00010101 00001110 10010011 01100100 01100100 00111111 10000000 01101100
01010101 01010101 01001111 10101001 00000111 01100111 11111001 11111010 00111011 00101000 00110110 01100000
01010101 01010101 01110000 01100101 00010101 00001110 10010011 01100100 01100100 00111111 10000000 01101100
01010101 01010101 01110000 01100101 00010101 00001110 10010011 01100100 01100100 00111111 10000000 01101100
01010101 01010101 01110000 01100101 00010101 00001110 10010011 01100100 01100100 00111111 10000000 01101100
01010101 01010101 01110000 01100101 00010101 00001110 10010011 01100100 01100100 00111111 10000000 01101100
01010101 01010101 01110000 01100101 00010101 00001110 10010011 01100100 01100100 00111111 10000000 01101100
01010101 01010101 01110000 01100101 01000001 11101001 11000101 10111111 10011101 01000111 10000000 01111100
01010101 01010101 01110000 01100101 00010101 00001110 10010011 01100100 01100100 00111111 10000000 01101100
01010101 01010101 01110000 01100101 00010101 00001110 10010011 01100100 01100100 00111111 10000000 01101100
01010101 01010101 01110000 01100101 00010101 00001110 10010011 01100100 01100100 00111111 10000000 01101100
01010101 01010101 01001111 10101001 00000111 01100111 11111100 11111010 01111001 01010110 00111110 10100001
01010101 01010101 01110000 01100101 00010101 00001110 10010011 01100100 01100100 00111111 10000000 01101100
01010101 01010101 01110000 01100101 00010101 00001110 10010011 01100100 01100100 00111111 10000000 01101100
01010101 01010101 01110000 01100101 00010101 00001110 10010011 01100100 01100100 00111111 10000000 01101100
01010101 01010101 01110000 01100101 00010101 00001110 10010011 01100100 01100100 00111111 10000000 01101100
01010101 01010101 01110000 01100101 00010101 00001110 10010011 01100100 01100100 00111111 10000000 01101100
01010101 01010101 01110000 01100101 00011110 11100000 00110000 10111111 10011101 01000111 01111111 11111100
01010101 01010101 01110000 01100101 00010101 00001110 10010011 01100100 01100100 00111111 10000000 01101100
01010101 01010101 01110000 01100101 00010101 00001110 10010011 01100100 01100100 00111111 10000000 01101100
